734 200 12000 3 Melee
4017 8000 100000 3 Range
5011 2400 34000 3 Range
5012 800 18000 3 Range
7014 8000 100000 3 Melee
7543 3000 40000 3 Range
8110 1800 28000 3 Melee
8136 2200 32000 3 Melee
8410 3600 46000 3 Melee
8411 3800 48000 3 Range
8412 4000 50000 3 Magic
9929 20000 500000 3 Range
9942 400 14000 3 Magic
12535 600 16000 3 Melee
12537 600 16000 3 Melee
13128 2000 30000 3 Melee
13333 600 16000 3 Melee
13640 22600 16000 3 Melee
16137 1600 26000 3 Melee
16249 3200 42000 3 Magic
17013 2600 36000 3 Magic
17644 1400 24000 3 Melee
17694 2800 38000 3 Melee
17698 1000 20000 3 Melee
17702 3400 44000 3 Melee
20494 600 16000 3 Melee
20495 600 16000 3 Melee
20496 600 16000 3 Melee
20497 4000 50000 3 Range
20551 8000 100000 3 Magic
20552 18000 100000 3 Magic
20558 20000 500000 3 Magic
21018 1200 22000 3 Range
22072 11200 22000 3 Range
22113 600 16000 3 Range
22114 600 16000 3 Melee
22115 600 16000 3 Melee
22133 9000 100000 3 Melee
22134 9000 100000 3 Range
22135 9000 100000 3 Magic
22148 19000 100000 3 Magic
23026 4000 50000 3 Magic
23033 4000 50000 3 Melee
23039 4000 50000 3 Range
23132 20000 500000 3 Melee
23144 4000 50000 3 Range
23145 4000 50000 3 Magic
23146 4000 50000 3 Melee